1360768923814264832
1344562598776250369
310784514
887464432430850048
2577886615
2197224919
38669987
826929286380658688
3110562573
1256624907305103360
1478744084500078593
1372879289050308610
1468930296812871682
1130741271478378496
1226185906652155906
1070942382986801153
781982295863484456
907577359498338304
913302048564637696
499161087
1471529355851575305
1449450582771699714
593658151
1272211725362753537
1338939176356556800
1291758490436812800
1483915722459951110
1482202453395263488
1417952426687086593
1340683845935509504
1254467707992510468
1375112149157216258
1240338965674233857
853411771184500737
2308978435
1431258714917462019
1034272792676421632
140658895
789891110
559867489
1031846051710418945
1464604007968776195
856558342466097157
1457945244700315650
1400724735005233152
1118067018035449856
1041440667313078274
1208175773091270656
1383617758508720130
831279121
1011559160540876800
4347594973
1482049983293628419
1425659473838764034
145169990
500133474
1387744160757686272
1252117386
1315387944505499649
48008611
1408590178759806978
822426735136350208
1210956763618394113
1871389603
247943231
1081252025915068417
72448544
1145016098628259845
1374429846915272718
28052098
1355298392
936331435614593024
1359333804196777985
216563156
902120672
1319516983231090689
1349462947559567361
914863145906262017
1182702701920112644
412748397
37148105
63815425
1478111459389415429
1308443434269708288
4767381941
739133515170729984
747497269302198272
916241183399075840
1483648318546845700
747469350714519552
1060953957248290821
